1000
105 753
650 685
30 733
724 363
559 636
973 298
587 781
152 149
323 464
423 654
628 707
35 626
131 956
230 473
71 358
357 838
123 561
333 544
929 545
429 755
448 159
915 228
552 848
812 819
915 967
799 179
579 553
144 450
198 819
937 13
825 308
792 477
773 176
997 594
876 510
417 984
414 346
674 289
833 63
977 865
294 696
686 0
768 216
486 843
938 376
159 633
450 294
746 809
756 998
962 736
844 608
991 927
214 979
910 129
921 651
294 518
72 363
157 613
596 822
20 967
460 790
576 82
353 458
325 59
180 411
429 129
738 72
958 637
635 695
91 783
570 51
753 234
299 410
780 473
310 41
941 887
448 756
283 129
878 860
118 740
217 368
569 585
64 591
657 686
728 837
205 951
104 776
307 715
170 726
354 231
333 149
690 561
580 608
40 637
309 169
835 591
175 888
545 352
197 826
508 663
130 764
131 484
141 878
286 707
774 697
363 528
176 426
791 529
733 171
43 828
688 13
238 747
398 254
803 755
672 802
485 479
279 467
546 112
173 773
827 885
419 351
438 134
217 706
678 638
206 891
964 251
727 449
414 369
403 456
465 978
187 768
369 101
34 353
33 937
201 298
109 582
714 464
842 749
610 260
715 338
731 677
880 147
837 799
734 659
368 167
325 963
262 233
1 501
975 423
185 269
80 481
714 968
326 639
707 697
668 814
199 589
844 833
167 451
492 561
321 397
193 822
751 35
760 606
896 536
689 571
19 861
273 470
613 757
608 88
617 837
269 192
905 747
63 205
724 45
335 917
180 222
501 492
896 883
530 323
991 235
435 75
820 764
338 455
463 862
165 285
844 397
857 929
193 803
107 14
966 283
709 462
327 417
218 272
595 768
525 875
4 133
473 821
717 393
405 21
569 487
527 631
28 424
893 364
257 140
472 19
808 381
160 171
575 999
476 369
588 440
440 539
478 350
849 300
909 891
226 889
524 646
40 229
33 65
890 322
305 204
610 935
261 335
22 745
615 887
417 20
757 282
793 991
297 986
832 409
778 938
359 759
314 164
0 327
398 264
555 12
486 912
405 688
68 388
379 705
466 400
919 849
240 127
852 207
989 529
867 815
48 149
947 620
816 541
179 631
496 77
703 786
960 539
900 453
463 433
125 839
307 118
505 612
323 604
372 758
510 221
687 342
39 858
987 288
869 399
534 609
334 335
233 450
136 861
474 857
636 599
587 384
817 644
208 89
146 188
473 704
72 756
974 96
237 919
148 377
64 178
972 368
136 405
217 93
152 312
694 372
238 783
79 85
126 89
207 80
165 408
980 409
731 345
0 690
92 415
36 225
535 639
26 664
83 499
938 19
806 581
308 703
108 572
431 337
47 339
604 853
684 965
443 865
747 818
510 247
853 337
374 133
194 478
210 36
811 405
659 770
977 428
711 182
392 179
557 852
616 265
800 704
542 245
982 863
20 278
545 124
184 103
747 692
262 535
341 59
165 67
552 153
958 113
860 916
674 721
986 391
917 508
478 534
276 501
178 153
319 648
430 631
681 785
348 780
982 99
820 97
290 462
284 460
198 73
315 82
912 688
23 460
742 871
443 591
305 83
735 525
199 273
266 949
43 866
748 325
75 783
634 170
495 67
329 743
235 364
926 611
179 525
587 558
260 446
526 705
703 858
605 503
526 838
136 174
557 136
907 305
590 881
363 153
279 467
249 214
45 323
255 332
631 506
319 411
644 255
271 36
77 293
312 367
554 847
453 748
891 370
795 619
607 917
586 23
222 131
190 117
127 445
487 788
380 640
44 932
456 53
587 346
926 404
993 203
850 323
31 949
99 780
995 774
629 765
346 836
812 499
390 916
930 679
284 461
560 259
229 557
924 566
632 203
475 415
358 67
883 852
586 321
399 330
340 740
151 481
999 835
20 33
514 125
460 123
129 556
480 688
960 282
868 211
362 702
960 551
779 658
915 778
745 786
876 614
154 486
387 226
636 12
140 535
773 856
596 300
350 724
565 876
471 269
435 669
745 397
367 410
890 160
924 960
693 579
734 335
251 360
806 92
329 634
413 847
416 491
406 443
478 830
92 225
978 937
227 297
716 883
63 414
730 570
615 764
707 606
665 1
664 718
865 213
459 776
509 131
784 544
150 880
214 295
92 33
368 321
620 164
576 189
884 862
177 394
858 625
815 330
638 828
807 373
213 240
240 363
587 633
520 966
722 16
640 502
237 503
944 992
591 298
223 247
894 983
539 176
356 634
383 944
316 502
500 997
504 537
58 372
896 45
303 137
972 926
348 944
179 98
597 709
519 545
728 684
42 812
998 811
219 170
678 200
700 556
30 577
658 715
410 106
52 787
714 497
450 848
966 458
425 206
314 255
51 690
423 659
50 727
770 751
280 880
456 142
336 529
306 113
212 489
99 607
260 177
611 824
790 190
827 247
495 373
516 825
868 287
304 224
260 149
754 980
114 389
614 718
848 852
411 541
394 568
909 371
686 557
511 15
169 849
490 106
683 377
2 882
687 799
919 379
255 197
740 70
789 82
974 352
785 629
87 463
334 953
584 438
730 346
946 48
193 86
990 994
404 329
924 430
269 81
268 297
389 321
262 573
446 409
127 209
766 8
726 680
816 200
443 102
285 436
854 115
959 442
3 231
25 479
71 553
341 873
241 79
750 832
122 798
238 624
599 612
30 583
360 630
314 532
425 638
240 348
456 691
242 244
668 568
705 941
802 554
934 418
117 862
558 200
232 471
875 444
314 728
184 5
433 860
229 494
118 238
88 189
694 517
189 799
834 774
499 37
12 758
154 901
298 285
602 846
355 22
326 560
12 934
128 164
694 708
262 397
791 168
692 827
182 298
625 449
875 765
911 324
186 761
739 937
374 718
468 112
808 500
968 510
681 315
149 39
136 862
585 346
340 510
861 838
864 521
595 939
392 387
860 103
298 755
185 344
646 541
69 578
496 780
538 328
161 249
667 903
694 421
829 767
938 575
724 383
398 758
674 623
808 198
9 467
765 464
438 966
865 839
187 177
953 349
889 437
493 34
254 612
38 627
932 448
825 134
883 655
379 472
854 734
759 68
841 532
975 948
605 155
168 758
266 795
69 686
560 799
387 929
587 780
162 547
948 538
730 306
645 558
116 151
681 721
26 256
332 388
422 463
450 832
230 462
559 213
294 338
173 699
553 967
565 334
69 837
321 821
770 21
947 452
645 28
119 49
240 592
247 224
454 239
34 708
436 587
563 268
821 517
46 692
791 913
108 585
905 57
796 546
669 401
424 922
946 488
164 914
712 639
328 562
62 134
96 296
718 166
255 395
854 783
301 604
315 689
916 935
566 445
643 686
74 636
321 19
536 662
568 188
761 592
161 208
448 134
676 168
403 601
49 734
122 659
796 624
548 565
913 761
557 352
100 798
378 537
338 107
818 712
868 613
687 246
123 423
430 980
583 182
652 967
595 277
904 739
549 749
472 306
650 455
155 654
452 160
518 662
866 942
633 880
461 691
995 524
527 724
795 323
956 540
865 644
139 954
204 195
43 347
932 466
304 975
549 2
424 994
585 970
112 823
190 880
436 376
463 271
766 319
490 616
198 720
328 823
640 955
29 936
354 779
635 715
613 955
728 937
414 942
638 163
614 100
395 561
674 620
13 448
561 397
629 994
946 607
644 231
992 10
877 593
350 486
233 383
529 797
655 655
893 998
256 663
846 908
669 549
935 571
218 951
719 607
392 762
304 821
159 475
920 693
408 159
797 184
532 464
433 85
513 815
767 797
113 683
412 993
175 197
438 641
373 410
403 930
521 126
740 181
210 388
906 213
730 62
743 715
936 62
525 426
913 404
33 509
271 455
284 117
299 892
402 891
443 148
800 83
689 417
585 132
16 672
721 130
593 489
454 396
725 432
54 604
341 37
416 650
494 642
930 406
999 86
687 353
6 956
786 975
518 243
634 801
795 64
340 363
748 371
976 897
375 101
72 765
832 221
208 762
888 300
783 443
15 30
442 666
423 106
520 265
981 996
187 631
867 978
89 282
218 332
749 14
630 606
4 142
544 573
63 883
800 458
944 622
759 283
999 364
686 407
826 258
205 211
663 533
652 235
170 376
836 16
775 949
150 767
941 561
943 426
595 814
883 661
546 206
265 280
298 483
292 396
339 965
510 932
998 102
23 474
777 775
97 54
891 426
922 858
334 477
27 105
228 6
134 987
135 474
447 544
37 22
610 329
283 129
314 971
965 161
715 270
727 317
669 556
96 52
660 326
268 54
484 761
637 802
505 955
582 777
28 503
835 90
507 648
880 589
494 249
322 460
993 532
295 375
71 817
517 73
933 225
142 86
979 258
610 875
465 335
549 850
910 722
523 696
940 407
230 33
753 306
666 669
41 828
813 323
948 380
394 132
203 184
287 755
315 959
290 969
914 620
165 435
133 162
947 293
798 636
6 33
643 567
715 194
467 274
411 587
307 876
416 708
976 239
526 335
518 852
338 228
