100
10 252
198 50
843 367
661 199
222 234
949 567
437 556
906 553
39 639
740 265
610 127
768 459
820 833
230 176
782 496
215 187
94 27
923 418
550 184
488 431
437 633
430 209
201 644
71 691
699 58
547 147
309 166
385 389
997 121
939 349
257 664
289 551
460 620
629 862
926 959
339 820
232 777
816 461
779 249
153 435
770 629
752 788
523 370
314 555
410 445
687 151
420 95
297 537
916 912
698 430
842 159
95 240
913 415
25 239
607 854
579 971
662 980
551 742
343 336
421 243
930 382
144 289
552 435
475 504
378 14
678 577
125 390
153 369
876 402
275 423
110 34
242 39
53 814
116 301
442 597
447 408
448 181
367 55
452 673
224 756
471 482
17 990
703 584
703 543
863 970
81 351
432 44
810 575
662 641
771 374
744 828
859 855
426 36
67 683
157 443
257 352
49 903
495 262
560 364
963 22
