1000
611 844
21 567
15 742
19 742
518 998
462 256
344 190
314 496
420 223
818 17
539 876
314 190
551 600
620 265
97 381
941 291
459 207
355 196
863 864
404 645
226 311
953 921
877 393
913 963
992 500
484 949
272 68
163 862
432 887
819 775
932 387
956 744
948 287
327 396
515 228
534 303
692 947
864 340
59 266
73 618
372 306
633 799
597 459
59 262
559 338
934 90
80 547
757 589
223 779
596 881
158 62
954 961
106 590
174 689
945 284
414 99
501 829
868 643
975 259
449 343
760 983
306 270
959 953
632 919
746 943
910 552
592 810
639 259
950 446
898 23
810 247
662 847
896 868
281 106
48 981
133 143
215 572
372 267
296 753
729 298
230 561
160 948
803 243
382 654
995 80
486 850
88 143
261 460
112 180
173 74
64 127
778 538
242 947
62 80
554 624
16 678
310 28
14 225
31 757
148 768
734 642
756 422
233 637
961 934
619 818
306 26
883 69
705 233
874 234
903 256
735 331
418 495
365 725
684 821
699 197
878 129
42 265
825 740
517 550
389 282
512 69
433 315
308 7
26 654
509 53
21 289
555 971
335 430
715 136
416 203
706 7
594 951
229 667
76 352
705 428
333 265
862 48
119 307
447 523
880 861
185 580
14 48
230 505
248 759
802 527
313 291
310 230
168 82
906 195
652 798
613 361
158 988
620 858
247 320
938 997
457 893
570 923
221 40
336 898
277 799
936 219
391 363
87 112
750 332
477 316
291 254
500 849
11 202
626 536
529 739
245 132
691 715
504 899
992 685
101 356
43 797
549 487
857 119
545 780
852 841
589 228
70 889
389 135
570 417
38 161
505 358
847 962
628 939
456 963
954 217
347 190
821 146
9 352
593 137
722 715
15 100
74 208
433 325
665 108
279 746
470 351
54 29
27 307
261 33
260 35
612 765
816 693
944 219
654 841
256 245
271 793
425 467
485 678
34 566
553 754
116 73
346 368
402 531
122 239
78 262
17 628
537 155
234 466
267 716
392 390
595 326
471 585
620 796
206 443
908 228
971 19
266 829
756 968
619 814
679 44
892 34
86 761
21 590
392 458
207 469
265 841
622 321
692 827
558 235
844 277
672 296
784 599
409 768
811 22
252 599
940 630
586 392
205 405
696 839
486 321
559 305
687 828
443 120
239 623
415 985
534 246
394 114
288 583
354 935
679 902
955 806
635 906
477 329
963 804
151 452
52 755
624 278
788 218
556 428
596 268
412 793
437 762
713 912
675 872
149 287
560 163
19 63
437 809
552 656
785 619
67 367
279 99
961 58
474 372
367 300
617 241
722 186
882 223
667 25
192 571
476 193
191 511
858 557
880 93
774 841
456 436
25 639
311 196
783 763
961 32
555 29
179 368
626 257
473 617
245 349
180 423
617 443
0 82
550 310
810 889
28 716
932 229
333 505
22 519
153 315
839 943
260 640
823 779
548 403
709 452
854 40
465 390
505 711
348 523
269 209
753 388
525 488
394 825
803 945
257 773
244 166
981 646
736 223
917 621
791 399
595 614
31 972
119 448
880 529
417 984
213 622
658 799
328 233
362 671
630 229
323 26
902 145
768 64
679 730
8 232
447 32
209 88
326 960
740 750
910 884
170 434
187 225
821 966
425 642
607 292
922 323
232 997
71 526
610 623
65 204
740 402
344 769
950 137
859 618
741 454
261 344
125 476
188 594
617 597
977 836
332 807
914 635
559 650
500 22
296 135
150 604
985 537
864 178
641 489
33 798
142 539
357 37
249 366
423 641
615 88
210 901
597 821
778 866
841 799
145 881
946 395
964 490
593 78
795 198
111 346
359 315
795 351
294 540
767 373
308 105
45 914
706 263
384 643
850 452
669 9
34 2
516 405
446 660
755 251
600 906
716 215
279 697
963 991
595 342
993 405
555 330
681 553
692 395
358 143
107 525
514 606
694 929
229 705
378 331
0 351
456 499
828 770
361 957
462 69
720 132
15 825
377 537
506 244
673 253
614 58
946 204
818 27
606 371
616 147
638 682
986 367
770 83
947 367
782 640
586 151
535 571
167 558
226 385
33 99
216 118
225 43
911 515
345 963
457 57
966 282
299 41
147 289
773 216
206 955
551 59
181 399
736 566
223 200
301 1
923 672
568 970
355 457
690 317
139 551
854 512
601 723
567 995
145 583
656 840
654 294
23 688
957 166
789 667
98 768
200 421
309 394
305 512
887 456
156 394
711 982
398 85
860 122
527 295
216 274
410 795
490 726
297 594
416 997
692 169
65 13
997 562
438 534
794 86
509 107
846 298
311 651
426 497
92 509
42 427
258 314
736 621
945 911
480 916
214 189
715 460
854 773
354 738
193 507
83 966
297 283
642 510
469 234
149 274
480 386
359 547
107 396
824 209
203 885
552 958
404 410
318 886
476 429
804 906
718 636
935 576
796 641
134 460
162 699
601 11
961 192
586 820
409 197
527 214
519 118
524 398
427 131
42 733
752 883
114 891
843 531
421 948
753 10
491 858
647 700
670 338
32 987
667 369
567 476
875 934
1 625
726 687
488 724
237 208
804 456
441 843
947 46
0 600
60 412
666 2
769 520
439 496
552 26
770 784
717 145
515 404
992 277
751 156
259 121
470 255
608 647
706 949
926 427
90 499
731 971
484 444
423 176
125 418
722 322
543 764
797 978
913 782
112 165
240 621
238 160
563 245
955 859
706 159
255 552
303 771
331 133
495 976
646 812
133 861
600 608
197 730
469 975
826 869
748 676
378 158
262 168
294 228
699 729
855 473
9 81
907 198
271 903
317 850
836 141
106 900
217 714
423 240
125 703
831 671
845 746
602 938
812 81
341 338
837 420
204 942
157 635
823 143
3 610
234 793
760 979
10 870
841 621
156 512
699 582
93 645
646 107
848 597
917 55
141 710
276 60
406 485
302 961
21 513
326 2
895 98
456 869
857 414
271 268
932 671
984 852
452 614
343 760
358 737
896 512
811 807
778 989
142 473
28 220
14 671
692 962
965 41
38 486
475 342
923 697
202 186
712 722
412 666
41 40
571 618
999 735
992 396
764 264
797 795
523 620
241 61
574 348
335 5
637 628
930 614
118 475
881 549
958 464
908 546
789 536
735 504
432 349
544 612
384 272
723 394
870 332
369 623
904 415
795 131
837 595
28 130
868 450
270 787
630 806
935 173
442 221
599 379
525 793
455 998
359 424
349 370
13 204
680 134
913 92
144 808
154 511
626 286
785 259
903 620
213 164
599 502
381 712
443 565
112 736
272 237
192 815
468 780
845 624
53 294
882 196
675 896
882 79
897 199
510 730
148 435
806 448
543 694
774 740
928 613
761 659
934 770
295 515
943 281
853 335
116 162
556 690
776 204
436 374
819 802
515 430
311 695
299 65
264 793
525 651
808 25
279 109
772 252
344 677
97 98
167 925
498 378
90 484
477 146
952 452
106 303
482 591
53 912
143 793
795 710
962 828
212 435
664 811
460 485
463 591
398 623
361 983
251 599
434 734
412 791
952 840
763 881
518 270
211 750
949 270
976 671
95 710
340 862
522 662
666 184
134 190
31 495
504 150
829 951
657 428
489 612
768 579
485 378
39 862
418 801
80 388
16 545
963 420
783 650
887 964
327 721
998 989
523 481
993 808
645 994
108 887
418 431
64 454
18 420
62 992
181 849
947 113
132 609
755 891
648 585
456 312
152 29
760 571
743 401
858 897
177 123
5 985
64 870
756 477
489 20
94 644
74 9
985 990
557 202
375 934
991 111
745 875
798 649
909 536
59 803
109 151
780 692
230 276
0 802
544 643
885 774
869 855
104 951
524 316
571 886
283 707
178 153
936 42
228 770
872 558
927 922
440 365
108 131
464 709
142 279
81 255
1 783
496 594
809 911
244 871
474 265
642 464
573 731
590 185
2 682
423 185
986 432
864 7
135 143
443 881
195 207
590 494
471 410
111 505
533 187
138 960
958 45
728 730
957 830
966 142
305 887
943 663
986 411
185 110
172 729
547 207
202 173
396 396
948 785
500 785
880 901
124 741
326 150
805 633
422 700
810 672
87 276
677 469
42 371
737 494
877 978
842 791
323 385
229 37
206 127
302 787
489 156
553 971
209 109
105 761
948 474
312 935
363 470
891 508
501 222
197 17
890 702
967 305
566 83
474 22
41 471
706 737
880 980
793 31
123 130
661 174
204 929
724 538
643 504
913 911
339 128
152 907
255 759
73 402
426 399
808 283
211 247
844 367
80 601
276 9
776 921
661 153
682 251
997 958
258 783
76 705
976 860
678 799
618 395
67 156
758 447
435 402
903 759
345 148
988 467
959 852
125 361
16 632
451 58
931 600
256 526
717 783
152 976
344 455
118 357
552 193
2 151
909 778
927 317
82 657
814 879
459 314
75 397
272 814
123 999
112 7
346 983
94 88
873 531
164 154
448 234
944 788
23 772
916 925
625 80
709 799
426 451
20 592
711 385
421 283
482 901
501 917
516 215
