1000
121 520
285 390
852 849
24 496
510 350
197 903
595 10
469 484
981 788
835 928
786 152
298 607
100 859
123 900
30 832
388 104
287 28
181 713
334 184
721 380
781 511
219 59
294 465
667 641
352 347
64 746
990 158
363 391
729 858
403 500
759 168
703 633
627 795
180 241
98 775
413 220
150 478
726 438
492 229
138 929
853 874
192 779
342 521
107 42
443 119
877 444
461 264
355 502
98 935
856 10
959 55
668 720
930 128
2 431
765 530
696 919
585 464
291 577
80 581
300 739
58 864
907 223
396 430
837 627
594 546
940 969
420 131
61 502
366 39
701 137
24 557
631 273
655 91
1 633
687 798
699 918
778 817
192 344
403 488
967 822
568 179
943 209
710 794
670 73
556 136
811 985
350 478
81 414
720 399
76 504
848 667
832 207
698 154
690 709
343 155
738 279
22 912
784 210
967 37
606 5
21 528
10 131
183 857
929 357
6 550
399 925
143 856
967 128
111 850
313 566
98 502
801 57
430 568
833 927
89 781
12 690
644 753
324 701
259 114
177 242
627 340
400 352
696 165
560 175
682 759
597 419
145 414
437 524
589 812
732 923
886 446
224 894
891 863
396 412
758 835
768 347
149 202
975 151
598 913
863 194
618 523
857 273
218 282
453 726
192 642
61 136
523 674
910 711
566 168
492 601
602 844
165 23
439 602
269 166
526 182
933 878
769 708
598 568
393 442
964 633
435 140
879 509
565 657
133 318
696 273
854 15
857 685
961 598
486 597
724 833
847 562
428 986
117 332
854 951
856 571
440 747
754 273
856 848
808 916
947 382
983 906
780 92
693 102
48 834
655 123
375 40
565 986
465 327
733 34
716 238
819 403
475 776
724 916
556 304
911 999
92 996
220 123
43 834
144 863
974 418
362 569
585 398
387 164
959 160
660 182
861 732
616 598
56 235
511 789
648 963
756 763
709 493
550 531
996 273
894 478
497 700
48 277
639 218
959 134
138 994
399 207
703 897
89 513
856 823
891 737
396 892
992 457
945 683
176 398
483 827
710 892
727 121
785 269
414 46
588 996
248 222
566 518
838 120
618 82
628 935
750 307
422 810
660 890
920 113
70 442
736 590
803 503
888 553
342 40
797 825
833 54
993 676
845 339
428 644
46 641
448 369
274 582
514 616
260 555
920 628
565 558
312 652
732 400
135 647
601 454
561 537
979 386
307 719
887 411
803 57
990 927
699 69
901 860
17 858
247 522
171 905
326 421
456 81
928 524
165 273
980 662
104 958
659 298
750 821
776 528
303 21
487 562
443 395
91 102
836 62
477 705
940 810
529 561
942 707
15 204
896 170
531 264
807 346
741 488
990 393
389 79
968 170
920 968
940 438
615 624
302 983
928 326
89 244
893 731
812 781
499 758
255 592
83 406
919 895
484 702
949 82
692 359
892 324
87 553
787 611
778 119
511 355
962 175
573 924
656 108
130 664
406 500
690 682
160 538
676 194
239 895
913 798
493 477
871 743
575 975
358 664
914 390
418 843
690 670
788 604
359 98
837 56
118 691
590 675
703 528
869 503
947 885
857 823
784 652
272 332
170 670
982 113
511 692
666 72
324 692
803 745
914 790
500 860
41 5
37 603
344 556
337 50
146 188
177 957
540 80
101 583
915 110
827 168
206 103
424 376
248 931
422 974
624 925
864 991
376 599
655 784
849 209
303 292
347 874
64 639
422 202
878 479
711 240
515 317
49 324
263 411
471 480
252 371
830 535
737 950
287 527
202 614
734 329
383 511
491 673
324 994
886 453
763 676
620 167
18 559
639 463
915 158
747 480
594 382
724 766
150 792
558 595
252 725
838 885
632 816
36 929
435 415
673 202
173 960
612 228
594 242
950 202
951 846
438 0
82 333
614 272
656 537
331 85
185 439
752 833
733 134
676 900
225 330
716 987
734 675
273 581
559 352
742 420
522 485
228 109
921 982
253 504
325 781
607 931
585 891
389 503
939 599
315 873
580 884
435 635
568 633
557 385
992 331
397 857
776 754
673 464
663 253
748 179
358 814
542 514
221 335
992 50
538 698
70 257
437 685
724 776
36 983
49 514
769 336
885 682
249 438
622 652
723 190
232 105
340 11
511 776
592 663
267 279
993 807
272 459
404 870
676 142
180 18
583 549
787 493
44 409
153 256
973 125
87 867
385 191
206 170
74 429
701 656
950 909
911 288
194 90
638 271
194 432
681 447
326 221
607 625
292 96
353 564
267 42
936 629
377 212
896 870
944 749
258 471
77 580
480 663
277 360
776 43
101 849
292 385
703 428
654 783
762 759
639 471
359 94
982 10
533 512
823 608
815 846
390 611
503 755
800 210
898 999
65 213
936 418
505 594
365 334
325 185
143 763
269 402
368 472
463 752
264 246
601 224
811 383
845 282
242 288
1 370
722 979
406 281
9 244
192 428
252 747
334 921
892 892
290 110
4 807
50 362
711 56
286 242
808 510
945 937
975 769
394 665
956 412
125 422
80 278
341 851
896 436
722 920
110 131
260 983
535 844
899 99
736 901
131 13
140 134
646 648
904 518
399 420
6 357
496 291
999 441
249 936
432 110
201 273
40 172
209 700
753 994
907 515
512 935
459 244
613 825
426 201
59 66
71 38
536 753
906 941
439 403
438 910
992 544
784 275
426 869
96 190
509 822
737 987
432 151
185 620
750 116
162 764
718 872
368 796
44 592
244 175
805 497
895 55
287 399
399 737
36 114
75 427
593 630
792 33
353 476
547 97
885 90
864 607
986 49
290 68
18 597
663 83
591 591
867 121
881 383
11 928
774 528
200 625
546 9
615 47
886 617
152 416
394 329
538 840
181 538
538 849
141 601
749 769
986 950
222 480
7 746
689 162
317 668
826 482
229 296
188 406
927 780
423 243
37 823
442 710
255 354
150 787
121 432
298 103
196 880
674 626
639 595
941 904
267 992
465 166
159 39
225 893
222 28
895 622
838 183
908 436
412 253
702 352
9 309
882 867
114 672
655 753
188 988
400 585
868 649
937 544
301 654
326 283
192 713
273 69
877 627
934 579
510 512
222 274
905 886
697 906
646 306
586 891
976 449
919 32
422 585
514 626
98 146
948 182
845 841
836 691
785 225
996 457
672 22
871 913
503 640
712 488
778 85
142 229
958 172
291 160
6 526
659 514
502 628
185 351
799 882
765 376
574 558
802 137
57 4
712 777
715 140
98 89
240 81
658 297
410 964
794 502
134 135
240 277
918 159
707 190
590 266
166 682
854 920
388 896
90 471
392 126
253 204
918 99
753 197
385 128
212 177
412 461
235 374
397 930
484 569
117 266
456 331
147 689
432 544
738 712
186 472
183 454
919 599
749 28
308 777
932 857
254 856
47 384
84 168
342 999
1 404
831 91
985 599
976 589
466 700
116 478
313 185
813 348
347 529
793 589
692 41
166 924
117 258
499 938
166 839
526 86
340 840
956 290
587 530
913 423
479 53
163 382
142 186
50 261
800 624
580 650
185 804
860 703
972 72
211 86
744 558
931 44
143 779
882 818
360 1
499 364
134 377
565 126
679 73
362 392
616 533
784 543
36 817
916 60
402 687
837 253
998 41
101 918
227 436
753 873
332 516
931 343
741 798
975 952
633 737
622 511
475 948
92 88
635 41
993 57
604 641
154 831
583 329
718 47
786 510
464 672
443 931
729 759
480 519
455 147
565 892
543 95
803 55
443 833
129 755
209 641
351 131
755 238
914 760
808 976
332 555
333 794
373 572
206 312
928 196
545 841
433 674
358 691
441 354
181 263
936 881
504 583
365 664
155 306
329 90
379 496
410 911
755 536
200 893
308 586
66 427
274 652
637 488
590 399
91 164
792 787
411 179
496 952
161 268
33 541
769 889
52 948
194 632
924 846
51 340
801 822
664 579
89 782
804 815
117 636
688 44
631 478
693 861
536 728
901 408
2 113
91 121
645 103
576 556
359 936
64 910
67 518
760 723
434 288
261 739
834 198
696 820
893 813
852 907
903 544
252 738
240 232
974 574
451 789
756 750
948 703
21 678
262 318
767 521
787 853
883 722
887 430
24 400
695 332
438 934
234 660
408 440
724 330
485 548
248 484
438 804
971 868
977 219
773 674
893 398
765 102
742 275
55 841
459 617
886 47
259 199
502 216
523 734
345 895
827 612
882 758
266 279
76 122
398 980
250 703
919 976
918 611
619 111
514 493
250 349
233 803
41 554
441 978
979 433
471 968
809 727
983 898
39 547
387 870
860 135
44 312
569 415
863 813
963 208
862 746
979 272
57 754
598 181
509 512
415 77
597 362
673 201
731 934
418 497
221 940
614 865
520 292
540 242
851 780
197 96
703 86
212 733
486 961
472 878
647 22
790 410
767 43
131 428
467 934
227 939
756 781
761 561
91 251
350 135
885 674
356 994
785 275
354 268
310 217
550 550
159 534
719 57
326 736
640 508
505 15
689 586
463 2
101 314
558 13
136 968
49 98
