100
529 491
32 109
413 7
380 501
607 552
897 809
289 615
551 802
511 510
853 739
753 710
404 49
563 726
756 95
73 334
478 471
189 870
575 67
638 452
631 992
391 926
527 900
931 51
867 633
331 639
908 3
283 554
94 60
881 915
198 337
425 26
678 208
509 376
114 151
110 598
847 372
912 515
805 320
150 882
979 921
572 189
814 401
156 524
109 250
455 173
818 692
855 64
476 645
152 195
744 282
57 631
826 206
794 871
339 737
326 41
97 661
738 409
199 773
974 475
632 852
410 631
309 7
365 842
776 605
963 619
801 726
563 692
472 135
841 37
376 222
694 205
828 321
767 379
50 447
892 898
958 706
772 633
656 851
609 157
40 89
539 890
291 277
38 817
595 272
602 694
631 389
160 846
998 760
513 814
60 755
312 494
267 865
531 727
0 82
510 511
63 865
512 487
426 838
909 453
315 259
