0 152
152 49
49 419
419 629
629 131
131 475
475 126
126 914
914 533
533 156
156 851
851 10
10 172
172 998
998 517
517 997
997 155
155 28
28 876
876 654
654 569
569 282
282 801
801 499
499 275
275 781
781 247
247 276
276 780
780 901
901 675
675 19
19 393
393 363
363 417
417 212
212 860
860 566
566 500
500 327
327 736
736 169
169 214
214 593
593 178
178 710
710 896
896 729
729 56
56 166
166 557
557 85
85 332
332 380
380 912
912 603
603 78
78 199
199 939
939 143
143 334
334 951
951 755
755 705
705 210
210 159
159 980
980 231
231 240
240 866
866 620
620 887
887 535
535 621
621 789
789 158
158 918
918 650
650 357
357 462
462 437
437 263
263 836
836 555
555 344
344 259
259 502
502 711
711 610
610 188
188 25
25 605
605 4
4 481
481 811
811 668
668 585
585 36
36 431
431 277
277 264
264 733
733 278
278 71
71 483
483 208
208 606
606 149
149 346
346 774
774 954
954 113
113 256
256 253
253 242
242 992
992 968
968 358
358 884
884 194
194 674
674 928
928 616
616 171
171 353
353 558
558 449
449 584
584 368
368 340
340 608
608 378
378 821
821 686
686 677
677 94
94 695
695 12
12 455
455 118
118 864
864 768
768 226
226 776
776 659
659 308
308 797
797 430
430 682
682 756
756 790
790 846
846 382
382 283
283 748
748 739
739 869
869 480
480 205
205 227
227 41
41 706
706 233
233 104
104 66
66 545
545 396
396 266
266 63
63 187
187 494
494 588
588 232
232 638
638 60
60 664
664 594
594 362
362 795
795 320
320 186
186 907
907 929
929 806
806 23
23 990
990 857
857 936
936 359
359 72
72 139
139 848
848 18
18 179
179 611
611 977
977 314
314 537
537 865
865 333
333 947
947 64
64 820
820 552
552 838
838 783
783 397
397 299
299 663
663 751
751 398
398 908
908 520
520 436
436 322
322 29
29 681
681 577
577 303
303 740
740 771
771 843
843 487
487 805
805 453
453 839
839 540
540 900
900 284
284 246
246 47
47 798
798 824
824 471
471 934
934 693
693 906
906 830
830 374
374 957
957 101
101 825
825 370
370 697
697 995
995 427
427 134
134 324
324 519
519 904
904 868
868 388
388 935
935 525
525 168
168 723
723 878
878 562
562 176
176 331
331 809
809 752
752 416
416 579
579 549
549 323
323 273
273 183
183 251
251 709
709 447
447 150
150 423
423 225
225 241
241 364
364 719
719 271
271 13
13 67
67 307
307 290
290 274
274 180
180 599
599 243
243 260
260 34
34 999
999 547
547 892
892 835
835 972
972 881
881 221
221 280
280 454
454 193
193 448
448 870
870 932
932 791
791 503
503 601
601 578
578 128
128 439
439 581
581 291
291 114
114 420
420 107
107 949
949 443
443 411
411 79
79 592
592 110
110 163
163 408
408 330
330 339
339 406
406 944
944 37
37 698
698 746
746 509
509 244
244 942
942 720
720 759
759 680
680 418
418 337
337 467
467 749
749 272
272 403
403 531
531 82
82 70
70 108
108 292
292 229
229 316
316 160
160 207
207 189
189 445
445 544
544 486
486 707
707 148
148 619
619 735
735 732
732 387
387 622
622 635
635 191
191 701
701 630
630 507
507 451
451 352
352 930
930 757
757 248
248 9
9 446
446 325
325 136
136 106
106 734
734 298
298 653
653 716
716 45
45 818
818 372
372 886
886 837
837 84
84 287
287 883
883 669
669 230
230 304
304 570
570 854
854 646
646 235
235 69
69 874
874 556
556 130
130 573
573 414
414 293
293 234
234 991
991 394
394 402
402 925
925 469
469 305
305 576
576 124
124 120
120 508
508 548
548 794
794 913
913 765
765 257
257 550
550 55
55 495
495 261
261 182
182 613
613 428
428 960
960 937
937 604
604 899
899 384
384 73
73 286
286 758
758 582
582 170
170 598
598 335
335 614
614 329
329 727
727 209
209 656
656 165
165 61
61 524
524 145
145 135
135 347
347 146
146 615
615 302
302 11
11 6
6 190
190 17
17 546
546 590
590 872
872 129
129 8
8 625
625 987
987 708
708 16
16 295
295 921
921 442
442 784
784 497
497 35
35 850
850 313
313 255
255 425
425 44
44 684
684 955
955 42
42 311
311 796
796 561
561 559
559 477
477 245
245 484
484 349
349 948
948 715
715 198
198 644
644 444
444 543
543 383
383 831
831 926
926 355
355 463
463 438
438 965
965 391
391 350
350 96
96 105
105 465
465 754
754 648
648 26
26 683
683 460
460 157
157 910
910 204
204 203
203 946
946 473
473 122
122 652
652 685
685 409
409 459
459 911
911 915
915 890
890 827
827 853
853 986
986 875
875 75
75 931
931 859
859 842
842 747
747 596
596 88
88 792
792 218
218 527
527 861
861 279
279 466
466 319
319 137
137 767
767 903
903 219
219 862
862 43
43 38
38 116
116 731
731 202
202 125
125 354
354 97
97 666
666 714
714 167
167 184
184 956
956 86
86 90
90 162
162 761
761 984
984 215
215 50
50 89
89 147
147 356
356 922
922 823
823 982
982 833
833 504
504 415
415 201
201 676
676 141
141 281
281 618
618 312
312 195
195 703
703 973
973 369
369 196
196 361
361 877
877 673
673 518
518 472
472 567
567 943
943 498
498 844
844 20
20 153
153 514
514 375
375 309
309 392
392 457
457 252
252 489
489 773
773 228
228 239
239 222
222 87
87 142
142 967
967 602
602 80
80 76
76 294
294 140
140 377
377 345
345 102
102 258
258 597
597 779
779 249
249 501
501 262
262 407
407 744
744 491
491 7
7 317
317 328
328 529
529 441
441 217
217 506
506 138
138 435
435 775
775 575
575 511
511 111
111 649
649 211
211 993
993 813
813 534
534 894
894 224
224 161
161 433
433 405
405 40
40 289
289 77
77 696
696 119
119 996
996 121
121 197
197 694
694 858
858 750
750 941
941 958
958 326
326 528
528 799
799 288
288 200
200 671
671 267
267 254
254 164
164 978
978 822
822 59
59 185
185 763
763 879
879 536
536 589
589 300
300 238
238 919
919 476
476 970
970 127
127 712
712 33
33 490
490 909
909 713
713 216
216 631
631 5
5 867
867 583
583 526
526 722
722 893
893 93
93 458
458 434
434 192
192 905
905 285
285 133
133 174
174 404
404 971
971 963
963 530
530 14
14 802
802 979
979 940
940 572
572 513
513 815
815 927
927 670
670 793
793 651
651 318
318 803
803 1
1 213
213 237
237 994
994 571
571 636
636 564
564 220
220 964
964 301
301 123
123 667
667 871
871 95
95 485
485 315
315 551
551 3
3 2
2 989
989 863
863 845
845 440
440 389
389 175
175 841
841 236
236 488
488 916
916 726
726 898
898 647
647 626
626 788
788 952
952 976
976 643
643 832
832 39
39 945
945 52
52 819
819 385
385 482
482 478
478 390
390 718
718 641
641 522
522 296
296 456
456 429
429 880
880 512
512 587
587 764
764 688
688 376
376 665
665 541
541 269
269 737
737 360
360 310
310 470
470 306
306 493
493 591
591 342
342 814
814 367
367 46
46 634
634 53
53 542
542 891
891 609
609 785
785 855
855 48
48 637
637 728
728 817
817 27
27 399
399 607
607 812
812 553
553 623
623 181
181 829
829 800
800 639
639 410
410 769
769 523
523 849
849 882
882 969
969 151
151 981
981 816
816 74
74 560
560 828
828 341
341 81
81 762
762 938
938 532
532 395
395 933
933 633
633 468
468 92
92 366
366 983
983 778
778 371
371 660
660 521
521 661
661 112
112 724
724 348
348 760
760 807
807 753
753 421
421 852
852 223
223 624
624 432
432 132
132 321
321 510
510 699
699 83
83 412
412 777
777 725
725 426
426 642
642 515
515 538
538 100
100 565
565 612
612 742
742 902
902 206
206 627
627 57
57 373
373 730
730 640
640 702
702 645
645 297
297 856
856 689
689 985
985 343
343 920
920 662
662 461
461 840
840 691
691 65
65 539
539 966
966 687
687 741
741 338
338 721
721 381
381 250
250 888
888 657
657 474
474 672
672 923
923 959
959 974
974 595
595 743
743 895
895 988
988 265
265 268
268 772
772 885
885 782
782 962
962 600
600 953
953 658
658 379
379 810
810 31
31 678
678 173
173 787
787 336
336 505
505 386
386 24
24 401
401 917
917 690
690 766
766 68
68 804
804 889
889 424
424 679
679 450
450 452
452 30
30 400
400 586
586 700
700 22
22 655
655 632
632 413
413 704
704 492
492 617
617 479
479 554
554 144
144 692
692 91
91 574
574 568
568 738
738 365
365 975
975 15
15 32
32 54
54 745
745 786
786 464
464 924
924 580
580 58
58 109
109 351
351 115
115 496
496 177
177 873
873 961
961 117
117 628
628 847
847 826
826 897
897 563
563 516
516 21
21 103
103 62
62 51
51 950
950 808
808 834
834 422
422 154
154 717
717 770
770 98
98 270
270 99
