588 411
411 735
735 910
910 569
569 133
133 62
62 158
158 530
530 612
612 86
86 849
849 393
393 440
440 78
78 29
29 326
326 962
962 127
127 742
742 112
112 688
688 671
671 374
374 519
519 553
553 798
798 846
846 335
335 841
841 607
607 175
175 531
531 191
191 897
897 914
914 241
241 827
827 337
337 592
592 475
475 448
448 947
947 727
727 225
225 850
850 105
105 737
737 883
883 543
543 927
927 378
378 557
557 770
770 453
453 601
601 835
835 437
437 748
748 59
59 991
991 267
267 117
117 354
354 640
640 261
261 674
674 11
11 853
853 311
311 430
430 256
256 57
57 109
109 834
834 360
360 497
497 200
200 836
836 762
762 42
42 47
47 804
804 390
390 258
258 274
274 436
436 913
913 503
503 22
22 474
474 465
465 802
802 492
492 541
541 423
423 745
745 744
744 637
637 632
632 328
328 989
989 318
318 885
885 462
462 67
67 89
89 222
222 110
110 0
0 36
36 759
759 728
728 244
244 854
854 486
486 609
609 87
87 312
312 751
751 547
547 868
868 384
384 949
949 556
556 996
996 419
419 172
172 163
163 847
847 790
790 555
555 650
650 976
976 126
126 629
629 643
643 228
228 775
775 707
707 77
77 455
455 427
427 837
837 642
642 536
536 721
721 681
681 142
142 575
575 843
843 33
33 119
119 279
279 862
862 481
481 739
739 766
766 981
981 307
307 458
458 777
777 207
207 523
523 593
593 752
752 858
858 690
690 560
560 720
720 566
566 776
776 362
362 136
136 701
701 734
734 485
485 196
196 434
434 468
468 118
118 716
716 368
368 968
968 490
490 783
783 21
21 660
660 477
477 151
151 658
658 565
565 43
43 715
715 811
811 288
288 880
880 931
931 145
145 608
608 999
999 584
584 585
585 712
712 358
358 879
879 101
101 576
576 294
294 540
540 216
216 666
666 570
570 537
537 754
754 906
906 480
480 53
53 3
3 100
100 704
704 104
104 399
399 70
70 863
863 946
946 940
940 602
602 359
359 618
618 73
73 115
115 900
900 254
254 379
379 504
504 58
58 365
365 634
634 873
873 263
263 325
325 668
668 342
342 741
741 725
725 350
350 144
144 866
866 597
597 391
391 625
625 829
829 909
909 855
855 933
933 577
577 676
676 17
17 970
970 407
407 894
894 888
888 542
542 939
939 780
780 41
41 599
599 649
649 405
405 786
786 528
528 828
828 34
34 871
871 114
114 25
25 955
955 638
638 546
546 273
273 14
14 796
796 646
646 197
197 183
183 921
921 60
60 483
483 12
12 508
508 108
108 198
198 106
106 815
815 768
768 102
102 652
652 852
852 5
5 275
275 765
765 39
39 13
13 801
801 48
48 281
281 884
884 410
410 96
96 623
623 865
865 461
461 195
195 219
219 998
998 413
413 363
363 670
670 963
963 978
978 131
131 659
659 330
330 750
750 442
442 370
370 573
573 561
561 656
656 305
305 395
395 753
753 984
984 932
932 718
718 371
371 171
171 941
941 943
943 971
971 861
861 580
580 767
767 810
810 977
977 820
820 908
908 589
589 972
972 357
357 229
229 594
594 208
208 470
470 310
310 520
520 586
586 926
926 877
877 457
457 352
352 215
215 314
314 290
290 758
758 143
143 647
647 459
459 840
840 253
253 444
444 152
152 922
922 168
168 149
149 845
845 738
738 286
286 912
912 822
822 7
7 386
386 332
332 433
433 937
937 957
957 680
680 516
516 454
454 212
212 292
292 988
988 260
260 710
710 882
882 478
478 64
64 157
157 620
620 406
406 525
525 257
257 689
689 706
706 698
698 505
505 819
819 394
394 146
146 343
343 471
471 779
779 162
162 445
445 610
610 814
814 495
495 304
304 206
206 654
654 870
870 421
421 705
705 344
344 211
211 699
699 298
298 402
402 479
479 719
719 604
604 641
641 550
550 246
246 818
818 20
20 902
902 284
284 624
624 54
54 851
851 784
784 245
245 994
994 466
466 567
567 23
23 653
653 31
31 487
487 338
338 327
327 93
93 51
51 808
808 116
116 669
669 32
32 128
128 839
839 631
631 562
562 633
633 443
443 824
824 323
323 334
334 186
186 234
234 209
209 426
426 242
242 372
372 239
239 438
438 138
138 439
439 685
685 964
964 150
150 582
582 409
409 375
375 511
511 124
124 713
713 460
460 404
404 821
821 898
898 886
886 156
156 743
743 429
429 397
397 917
917 348
348 90
90 672
672 983
983 464
464 781
781 166
166 693
693 944
944 355
355 449
449 512
512 210
210 635
635 979
979 806
806 283
283 82
82 74
74 890
890 169
169 876
876 600
600 28
28 424
424 134
134 903
903 518
518 872
872 869
869 249
249 76
76 859
859 309
309 967
967 951
951 347
347 223
223 692
692 2
2 177
177 40
40 408
408 892
892 544
544 682
682 313
313 155
155 844
844 346
346 655
655 488
488 587
587 697
697 726
726 9
9 113
113 178
178 708
708 864
864 803
803 564
564 230
230 221
221 683
683 55
55 75
75 559
559 192
192 129
129 961
961 389
389 538
538 428
428 595
595 578
578 85
85 833
833 173
173 373
373 522
522 194
194 435
435 934
934 302
302 65
65 551
551 807
807 636
636 270
270 180
180 945
945 915
915 417
417 749
749 867
867 272
272 501
501 132
132 667
667 787
787 891
891 331
331 356
356 644
644 291
291 79
79 473
473 8
8 552
552 502
502 832
832 929
929 333
333 953
953 205
205 904
904 224
224 308
308 147
147 293
293 899
899 227
227 251
251 280
280 159
159 499
499 259
259 167
167 756
756 757
757 896
896 590
590 673
673 679
679 441
441 746
746 935
935 661
661 628
628 678
678 615
615 63
63 928
928 517
517 778
778 319
319 339
339 763
763 980
980 795
795 388
388 170
170 174
174 247
247 893
893 278
278 579
579 568
568 161
161 345
345 381
381 214
214 396
396 130
130 45
45 905
905 558
558 663
663 268
268 878
878 773
773 524
524 303
303 686
686 226
226 695
695 572
572 942
942 199
199 299
299 266
266 554
554 179
179 336
336 918
918 622
622 103
103 805
805 447
447 771
771 954
954 213
213 916
916 952
952 416
416 691
691 702
702 322
322 301
301 203
203 26
26 137
137 218
218 107
107 482
482 351
351 315
315 782
782 50
50 98
98 616
616 813
813 456
456 800
800 515
515 687
687 785
785 797
797 605
605 923
923 49
49 165
165 250
250 341
341 289
289 755
755 237
237 948
948 621
621 614
614 563
563 731
731 366
366 243
243 52
52 722
722 401
401 295
295 838
838 81
81 61
61 139
139 376
376 91
91 889
889 662
662 367
367 711
711 10
10 30
30 452
452 732
732 467
467 723
723 122
122 639
639 92
92 69
69 714
714 425
425 320
320 181
181 700
700 919
919 598
598 231
231 182
182 619
619 353
353 83
83 792
792 271
271 969
969 975
975 507
507 111
111 269
269 826
826 611
611 747
747 188
188 817
817 990
990 548
548 764
764 874
874 696
696 973
973 812
812 627
627 99
99 6
6 997
997 626
626 993
993 995
995 418
418 233
233 300
300 958
958 277
277 774
774 769
769 364
364 825
825 613
613 791
791 84
84 148
148 123
123 80
80 956
956 398
398 936
936 238
238 72
72 881
881 324
324 184
184 476
476 204
204 329
329 960
960 412
412 217
217 414
414 533
533 415
415 724
724 193
193 816
816 120
120 684
684 282
282 717
717 420
420 71
71 491
491 451
451 164
164 382
382 189
189 831
831 694
694 97
97 521
521 799
799 535
535 141
141 489
489 306
306 317
317 252
252 761
761 297
297 534
534 190
190 974
974 709
709 135
135 463
463 591
591 985
985 232
232 176
176 920
920 95
95 240
240 392
392 911
911 907
907 665
665 316
316 19
19 88
88 262
262 432
432 37
37 510
510 493
493 450
450 400
400 513
513 875
875 856
856 992
992 809
809 140
140 794
794 772
772 265
265 236
236 56
56 264
264 125
125 950
950 201
201 857
857 403
403 959
959 431
431 446
446 789
789 321
321 4
4 383
383 965
965 296
296 966
966 38
38 925
925 154
154 657
657 823
823 44
44 574
574 66
66 160
160 596
596 860
860 202
202 733
733 729
729 15
15 982
982 830
830 340
340 514
514 848
848 422
422 361
361 248
248 68
68 185
185 788
788 469
469 285
285 16
16 498
498 677
677 617
617 496
496 651
651 545
545 153
153 703
703 94
94 18
18 527
527 760
760 494
494 987
987 549
549 924
924 603
603 730
730 235
235 895
895 532
532 472
472 930
930 901
901 349
349 938
938 648
648 387
387 736
736 385
385 529
529 606
606 1
1 506
506 509
509 276
276 793
793 27
27 369
369 121
121 630
630 526
526 24
24 377
377 675
675 986
986 500
500 484
484 220
220 380
380 583
583 35
35 645
645 664
664 539
539 887
887 581
581 46
46 571
571 187
187 740
740 842
842 255
255 287
