15 96
96 94
94 8
8 0
0 32
32 85
85 18
18 4
4 84
84 66
66 12
12 92
92 7
7 88
88 21
21 80
80 59
59 77
77 52
52 28
28 74
74 5
5 9
9 45
45 65
65 10
10 76
76 63
63 23
23 64
64 75
75 87
87 39
39 19
19 20
20 97
97 62
62 53
53 24
24 6
6 26
26 90
90 60
60 47
47 57
57 91
91 16
16 86
86 38
38 95
95 82
82 89
89 55
55 50
50 34
34 42
42 73
73 14
14 43
43 48
48 33
33 1
1 93
93 79
79 27
27 61
61 54
54 11
11 2
2 30
30 67
67 44
44 69
69 99
99 81
81 29
29 40
40 78
78 31
31 70
70 49
49 37
37 71
71 35
35 41
41 72
72 56
56 98
98 36
36 58
58 51
51 46
46 22
22 25
25 68
68 13
13 17
17 83
83 3
