79 0
0 100
100 916
916 688
688 118
118 130
130 638
638 887
887 111
111 285
285 689
689 981
981 654
654 612
612 87
87 300
300 103
103 40
40 740
740 339
339 152
152 456
456 499
499 598
598 397
397 871
871 9
9 528
528 447
447 891
891 843
843 600
600 340
340 752
752 993
993 720
720 352
352 938
938 210
210 550
550 810
810 551
551 760
760 105
105 533
533 17
17 733
733 627
627 599
599 55
55 337
337 923
923 345
345 346
346 412
412 116
116 377
377 166
166 856
856 367
367 585
585 72
72 924
924 961
961 386
386 881
881 701
701 159
159 382
382 191
191 62
62 182
182 959
959 8
8 933
933 819
819 648
648 501
501 327
327 578
578 716
716 677
677 595
595 824
824 122
122 799
799 88
88 707
707 774
774 45
45 57
57 248
248 895
895 155
155 414
414 493
493 615
615 535
535 311
311 832
832 438
438 423
423 101
101 937
937 27
27 395
395 765
765 547
547 293
293 465
465 201
201 237
237 504
504 56
56 14
14 379
379 303
303 787
787 132
132 232
232 323
323 700
700 588
588 294
294 216
216 172
172 279
279 617
617 461
461 616
616 580
580 273
273 372
372 629
629 698
698 986
986 7
7 206
206 338
338 673
673 980
980 786
786 910
910 175
175 749
749 842
842 515
515 393
393 241
241 203
203 545
545 537
537 170
170 561
561 378
378 717
717 146
146 603
603 496
496 487
487 192
192 355
355 149
149 660
660 184
184 634
634 134
134 476
476 463
463 898
898 363
363 488
488 601
601 380
380 221
221 576
576 922
922 624
624 526
526 544
544 219
219 94
94 231
231 90
90 376
376 144
144 317
317 834
834 979
979 310
310 884
884 131
131 761
761 534
534 255
255 506
506 77
77 941
941 857
857 575
575 949
949 384
384 74
74 63
63 328
328 418
418 870
870 626
626 745
745 348
348 353
353 592
592 282
282 272
272 288
288 347
347 571
571 394
394 325
325 509
509 329
329 965
965 287
287 286
286 930
930 947
947 477
477 715
715 645
645 613
613 935
935 973
973 312
312 188
188 939
939 425
425 890
890 989
989 217
217 934
934 195
195 901
901 245
245 734
734 897
897 385
385 735
735 283
283 655
655 913
913 278
278 289
289 985
985 157
157 106
106 64
64 482
482 848
848 80
80 820
820 737
737 631
631 266
266 704
704 610
610 13
13 365
365 694
694 441
441 428
428 16
16 301
301 135
135 725
725 536
536 744
744 93
93 678
678 11
11 869
869 82
82 657
657 597
597 518
518 590
590 855
855 954
954 147
147 669
669 812
812 350
350 928
928 589
589 297
297 150
150 566
566 281
281 454
454 706
706 265
265 478
478 577
577 421
421 573
573 36
36 120
120 302
302 968
968 211
211 208
208 541
541 239
239 867
867 579
579 253
253 417
417 853
853 836
836 742
742 568
568 209
209 635
635 773
773 492
492 381
381 370
370 866
866 199
199 26
26 366
366 81
81 92
92 596
596 489
489 4
4 295
295 200
200 215
215 776
776 99
99 956
956 872
872 798
798 256
256 264
264 902
902 756
756 511
511 503
503 158
158 336
336 176
176 115
115 702
702 458
458 682
682 128
128 459
459 844
844 449
449 652
652 127
127 795
795 772
772 46
46 796
796 992
992 446
446 958
958 308
308 878
878 259
259 321
321 413
413 721
721 769
769 495
495 443
443 420
420 709
709 758
758 97
97 997
997 178
178 659
659 647
647 400
400 940
940 948
948 644
644 37
37 764
764 912
912 816
816 383
383 319
319 138
138 416
416 360
360 808
808 479
479 687
687 863
863 373
373 324
324 117
117 846
846 426
426 473
473 556
556 641
641 427
427 750
750 121
121 65
65 860
860 20
20 775
775 532
532 584
584 837
837 180
180 399
399 204
204 676
676 621
621 554
554 790
790 234
234 392
392 70
70 61
61 168
168 809
809 714
714 440
440 469
469 41
41 110
110 491
491 899
899 581
581 712
712 161
161 173
173 850
850 66
66 562
562 684
684 563
563 861
861 455
455 344
344 955
955 38
38 880
880 914
914 505
505 726
726 852
852 570
570 298
298 29
29 817
817 874
874 927
927 343
343 276
276 331
331 943
943 402
402 179
179 996
996 125
125 966
966 189
189 430
430 987
987 5
5 262
262 564
564 674
674 978
978 44
44 560
560 552
552 202
202 389
389 263
263 185
185 228
228 313
313 205
205 486
486 484
484 977
977 782
782 797
797 358
358 453
453 291
291 569
569 139
139 945
945 696
696 974
974 906
906 225
225 944
944 71
71 42
42 539
539 835
835 25
25 632
632 32
32 847
847 108
108 736
736 316
316 991
991 516
516 751
751 865
865 680
680 586
586 653
653 53
53 141
141 450
450 964
964 21
21 849
849 431
431 471
471 242
242 583
583 668
668 886
886 540
540 909
909 212
212 403
403 309
309 218
218 637
637 374
374 888
888 543
543 30
30 882
882 3
3 665
665 197
197 448
448 868
868 126
126 190
190 136
136 522
522 354
354 618
618 826
826 946
946 604
604 553
553 91
91 164
164 452
452 517
517 466
466 748
748 162
162 565
565 390
390 755
755 988
988 271
271 434
434 104
104 320
320 762
762 683
683 137
137 620
620 663
663 181
181 113
113 929
929 839
839 47
47 307
307 593
593 84
84 369
369 464
464 351
351 442
442 23
23 142
142 738
738 636
636 171
171 770
770 970
970 833
833 349
349 411
411 54
54 984
984 364
364 815
815 246
246 905
905 67
67 33
33 433
433 251
251 783
783 695
695 18
18 917
917 664
664 827
827 415
415 163
163 34
34 650
650 685
685 722
722 409
409 642
642 31
31 73
73 670
670 889
889 904
904 107
107 474
474 727
727 247
247 606
606 299
299 95
95 50
50 483
483 763
763 818
818 957
957 437
437 681
681 920
920 49
49 757
757 435
435 244
244 672
672 649
649 156
156 549
549 78
78 419
419 481
481 177
177 213
213 240
240 932
932 75
75 39
39 322
322 406
406 514
514 424
424 883
883 741
741 507
507 51
51 462
462 686
686 572
572 894
894 494
494 451
451 24
24 497
497 823
823 896
896 777
777 186
186 332
332 825
825 119
119 724
724 229
229 915
915 877
877 226
226 48
48 546
546 151
151 639
639 806
806 605
605 305
305 768
768 801
801 805
805 651
651 220
220 391
391 223
223 967
967 375
375 445
445 318
318 387
387 22
22 969
969 371
371 542
542 838
838 821
821 691
691 953
953 6
6 693
693 193
193 167
167 467
467 407
407 314
314 341
341 559
559 114
114 154
154 633
633 250
250 436
436 530
530 851
851 326
326 512
512 582
582 140
140 143
143 732
732 829
829 468
468 811
811 667
667 123
123 822
822 975
975 83
83 1
1 743
743 68
68 10
10 510
510 548
548 804
804 519
519 470
470 333
333 699
699 630
630 153
153 900
900 269
269 990
990 697
697 656
656 911
911 662
662 862
862 908
908 728
728 557
557 284
284 875
875 260
260 270
270 813
813 893
893 921
921 705
705 609
609 747
747 480
480 767
767 498
498 330
330 963
963 249
249 361
361 224
224 198
198 520
520 892
892 525
525 718
718 112
112 439
439 89
89 999
999 233
233 739
739 257
257 432
432 238
238 640
640 444
444 422
422 362
362 230
230 258
258 830
830 666
666 19
19 76
76 388
388 472
472 60
60 396
396 658
658 950
950 781
781 368
368 971
971 746
746 429
429 274
274 779
779 602
602 236
236 995
995 803
803 342
342 831
831 711
711 800
800 408
408 15
15 591
591 994
994 858
858 531
531 214
214 124
124 794
794 96
96 731
731 623
623 475
475 102
102 646
646 267
267 608
608 254
254 793
793 594
594 759
759 86
86 405
405 69
69 359
359 885
885 275
275 753
753 529
529 2
2 222
222 622
622 521
521 513
513 976
976 109
109 962
962 710
710 357
357 261
261 165
165 558
558 628
628 802
802 133
133 398
398 404
404 59
59 876
876 903
903 12
12 785
785 936
936 85
85 828
828 52
52 983
983 227
227 789
789 942
942 982
982 145
145 925
925 567
567 508
508 500
500 692
692 410
410 845
845 807
807 729
729 859
859 457
457 614
614 523
523 703
703 196
196 460
460 43
43 268
268 183
183 306
306 235
235 926
926 952
952 490
490 708
708 792
792 207
207 814
814 661
661 778
778 304
304 625
625 169
169 538
538 58
58 919
919 879
879 951
951 485
485 998
998 194
194 502
502 129
129 671
671 766
766 791
791 841
841 35
35 174
174 356
356 277
277 555
555 98
98 160
160 28
28 187
187 619
619 840
840 754
754 690
690 527
527 723
723 719
719 292
292 864
864 296
296 771
771 784
784 243
243 960
960 780
780 643
643 730
730 788
788 679
679 713
713 524
524 587
587 315
315 148
148 290
290 334
334 907
907 280
280 972
972 873
873 401
401 854
854 607
607 918
918 574
574 931
931 675
675 611
611 252
252 335
