28 99
99 38
38 9
9 98
98 62
62 65
65 41
41 90
90 57
57 32
32 74
74 6
6 63
63 80
80 88
88 12
12 91
91 48
48 34
34 84
84 56
56 78
78 69
69 95
95 61
61 4
4 13
13 15
15 51
51 0
0 53
53 16
16 70
70 26
26 76
76 21
21 27
27 44
44 31
31 22
22 30
30 79
79 36
36 81
81 96
96 72
72 85
85 73
73 1
1 71
71 77
77 10
10 45
45 3
3 89
89 2
2 68
68 52
52 17
17 60
60 29
29 50
50 24
24 86
86 92
92 64
64 46
46 25
25 18
18 5
5 7
7 11
11 49
49 19
19 75
75 58
58 59
59 97
97 42
42 54
54 33
33 55
55 35
35 23
23 93
93 8
8 66
66 67
67 39
39 94
94 47
47 43
43 20
20 40
40 87
87 82
82 83
83 14
14 37
